165700630010  165700660010
165700640010  165700670010
165700650010  165700680010
165700690010  165700710010
165700700010  165700720010
165700730010  165700750010
165700740010  165700760010
165700770010  165700790010
165700780010  165700810010
165700820010  165700840010
165700830010  165700850010
165800020010  165800040010
165800030010  165800050010
165800060010  165800080010
165800070010  165800090010
165800100010  165800120010
165800110010  165800130010
165800140010  165800160010
165800150010  165800170010
165800180010  165800200010
165800210010  165800230010
165800220010  165800240010
166100020010  166100040010
166100030010  166100050010
166100060010  166100080010
166100070010  166100090010
166100100010  166100120010
166100110010  166100130010
166100140010  166100160010
166100150010  166100170010
166100180010  166100200010
166100190010  166100210010
166100220010  166100240010
166100230010  166100250010
166100270010  166100300010
166100280010  166100310010
166100290010  166100320010
166100330010  166100350010
166100340010  166100360010
166100370010  166100390010
166100380010  166100400010
166100410010  166100430010
166100420010  166100440010
166200030010  166200050010
166200040010  166200060010
166200070010  166200090010
166200080010  166200100010
166200110010  166200130010
166200120010  166200140010
166200150010  166200170010
166200160010  166200180010
166200190010  166200210010
166200200010  166200220010
166200240010  166200260010
166200250010  166200290010
166200270010  166200300010
166200280010  166200310010
166200320010  166200340010
166200330010  166200350010
166200360010  166200380010
166200400010  166200420010
166200450010  166200410010
166200480010  166200500010
166200370010  166200390010
166200490010  166200510010
166200460010  166200440010
166200430010  166200470010
166400020010  166400040010
166400030010  166400050010
166400060010  166400080010
166400070010  166400090010
166400110010  166400130010
166400120010  166400140010
166400150010  166400170010
166400160010  166400180010
166400190010  166400210010
166400200010  166400220010
166400230010  166400250010
166700460010  166700510010
166700470010  166700520010
166700480010  166700530010
166700490010  166700550010
166700500010  166700560010
166700580010  166700600010
166700590010  166700610010
166700620010  166700640010
166700650010  166700670010
166700660010  166700680010
166700690010  166700710010
166700700010  166700720010
166700730010  166700750010
