0 0 : 1.000e-04 -2.000e+00 : 1.073e-04 -1.971e+00 : 4.743e+00
0 1 : 1.000e-04 -2.000e+00 : 1.229e-04 -1.910e+00 : 1.214e+01
0 2 : 1.000e-04 -2.000e+00 : 1.931e-04 -1.711e+00 : 3.721e+01

1 0 : 1.000e-04 -2.000e+00 : 1.058e-04 -1.975e+00 : 3.341e+00
1 1 : 1.000e-04 -2.000e+00 : 1.214e-04 -1.920e+00 : 1.199e+01
1 2 : 1.000e-04 -2.000e+00 : 1.869e-04 -1.723e+00 : 3.560e+01

2 0 : 1.000e-04 -2.000e+00 : 1.018e-04 -1.990e+00 : 8.325e-01
2 1 : 1.000e-04 -2.000e+00 : 1.111e-04 -1.952e+00 : 6.343e+00
2 2 : 1.000e-04 -2.000e+00 : 1.433e-04 -1.836e+00 : 1.977e+01

3 0 : 1.000e-04 -2.000e+00 : 9.740e-05 -2.016e+00 : 1.300e+00
3 1 : 1.000e-04 -2.000e+00 : 9.922e-05 -2.006e+00 : 4.478e-01
3 2 : 1.000e-04 -2.000e+00 : 1.018e-04 -1.994e+00 : 1.493e+00

4 0 : 1.000e-04 -2.000e+00 : 9.691e-05 -2.017e+00 : 1.577e+00
4 1 : 1.000e-04 -2.000e+00 : 9.650e-05 -2.020e+00 : 1.822e+00
4 2 : 1.000e-04 -2.000e+00 : 9.807e-05 -2.010e+00 : 1.096e+00

5 0 : 1.000e-04 -2.000e+00 : 9.786e-05 -2.017e+00 : 1.612e+00
5 1 : 1.000e-04 -2.000e+00 : 9.777e-05 -2.012e+00 : 1.214e+00
5 2 : 1.000e-04 -2.000e+00 : 9.746e-05 -2.012e+00 : 1.480e+00

