004300060010  004300080010
004300070010  004300090010
004300100010  004300130010
004300110010  004300140010
004300150010  004300170010
004300160010  004300180010
004300200010  004300220010
004300210010  004300230010
004300240010  004300270010
004300250010  004300280010
004300260010  004300330010
004300290010  004300310010
004300300010  004300320010
004300340010  004300360010
004300350010  004300370010
004300380010  004300400010
004300390010  004300410010
004300420010  004300440010
004300430010  004300450010
004300460010  004300480010
004300470010  004300490010
004300500010  004300520010
004300510010  004300530010
004300540010  004300560010
004300550010  004300570010
004300580010  004300600010
004300590010  004300610010
004300620010  004300640010
004300630010  004300650010
004300660010  004300700010
004300670010  004300690010
004300710010  004300730010
004300720010  004300740010
004300750010  004300770010
004400030010  004400050010
004400060010  004400080010
004400090010  004400110010
004400100010  004400120010
004400130010  004400150010
004400140010  004400160010
004400170010  004400190010
004400180010  004400200010
004400220010  004400240010
004400250010  004400290010
004400260010  004400280010
004400270010  004400300010
004400310010  004400330010
004400320010  004400340010
004400370010  004400390010
004400380010  004400400010
004400410010  004400430010
004400420010  004400440010
004400450010  004400470010
004400460010  004400480010
004400490010  004400510010
004400500010  004400520010
004400540010  004400560010
004400550010  004400570010
004400580010  004400600010
004400590010  004400610010
004400620010  004400640010
004400630010  004400650010
004400660010  004400680010
004400670010  004400690010
004400700010  004400720010
004400710010  004400730010
004400740010  004400770010
004400750010  004400780010
004400790010  004400810010
004400800010  004400820010
004400860010  004400880010
004500020010  004500040010
004500030010  004500050010
004500070010  004500100010
004500080010  004500110010
004500090010  004500120010
004500130010  004500150010
004500140010  004500160010
004500170010  004500190010
004500180010  004500200010
004500210010  004500230010
004500220010  004500240010
004500250010  004500270010
004500260010  004500280010
004500290010  004500310010
004500300010  004500320010
004500390010  004500410010
004500400010  004500420010
004500430010  004500450010
004500440010  004500460010
004500470010  004500490010
004500480010  004500500010
004500510010  004500530010
004500520010  004500540010
004500550010  004500570010
004500560010  004500580010
004500720010  004500750010
004500760010  004500780010
004500770010  004500790010
004500800010  004500820010
004500810010  004500830010
004500840010  004500850010
