159800110010  159800120010
159800130010  159800140010
159800150010  159800160010
159800170010  159800180010
159800190010  159800200010
159800210010  159800220010
159800230010  159800240010
159800250010  159800270010
159800280010  159800290010
159800300010  159800320010
159800330010  159800340010
159800330020  159800350010
159800330030  159800360010
159800370010  159800380010
159800390010  159800400010
159800410010  159800420010
159800510010  159800520010
159800530010  159800540010
159800550010  159800560010
159800570010  159800580010
159800440010  159800450010
159800050010  159800070010
159800060010  159800080010
159800090010  159800100010
159800460010  159800470010
159800490010  159800500010
