0 0 : 5.000e-05 -5.000e-01 : 4.884e-05 -4.751e-01 : 5.892e-01
0 1 : 5.000e-05 -2.000e+00 : 4.733e-05 -2.055e+00 : 5.839e-01
0 2 : 5.000e-05 -8.000e+00 : 3.359e-05 -8.254e+00 : 1.235e+03

1 0 : 2.000e-04 -5.000e-01 : 1.986e-04 -4.944e-01 : 4.894e-01
1 1 : 2.000e-04 -2.000e+00 : 1.983e-04 -2.019e+00 : 9.993e-01
1 2 : 2.000e-04 -8.000e+00 : 1.313e-04 -8.266e+00 : 2.950e+03

2 0 : 8.000e-04 -5.000e-01 : 8.020e-04 -4.994e-01 : 1.054e+00
2 1 : 8.000e-04 -2.000e+00 : 8.016e-04 -2.005e+00 : 2.107e+00
2 2 : 8.000e-04 -8.000e+00 : 5.240e-04 -8.267e+00 : 6.142e+03

