192100060010  192100090010
192100070010  192100100010
192100110010  192100130010
192100120010  192100140010
192100150010  192100170010
192100160010  192100180010
192100190010  192100210010
192100220010  192100240010
192100230010  192100250010
192100260010  192100280010
192100270010  192100290010
192500020010  192500040010
192500030010  192500050010
192500060010  192500080010
192500070010  192500090010
192500100010  192500120010
192500110010  192500130010
192500160010  192500180010
192500190010  192500210010
192500200010  192500220010
192500230010  192500250010
192500240010  192500260010
192700040010  192700060010
192700050010  192700090010
192700080010  192700110010
192700120010  192700150010
192700130010  192700160010
192700170010  192700190010
192700180010  192700200010
192700210010  192700230010
192700220010  192700240010
192700250010  192700270010
192700260010  192700280010
192700290010  192700320010
192700300010  192700330010
192700310010  192700340010
192700350010  192700370010
192700360010  192700380010
192700390010  192700420010
192700400010  192700430010
192700450010  192700470010
192700480010  192700500010
192700490010  192700520010
192700440010  192700460010
193000170010  193000200010
193000180010  193000210010
193000190010  193000220010
193000230010  193000250010
193000240010  193000260010
193000270010  193000290010
193000280010  193000300010
193000310010  193000330010
193000320010  193000340010
193000350010  193000370010
193000360010  193000400010
193000390010  193000410010
