096600590010  096600620010
096600600010  096600630010
096600610010  096600640010
096600650010  096600670010
096600660010  096600680010
096600700010  096600720010
096600710010  096600730010
096600740010  096600780010
096600750010  096600790010
096600800010  096600820010
096600810010  096600830010
096700010010  096700030010
096700020010  096700040010
096700050010  096700070010
096700060010  096700080010
096700090010  096700110010
096700100010  096700120010
096700130010  096700150010
096700140010  096700160010
096700170010  096700190010
096700180010  096700200010
096700210010  096700230010
096700220010  096700240010
096700250010  096700270010
096700260010  096700280010
096700290010  096700310010
096700300010  096700320010
096700330010  096700350010
096700340010  096700360010
096700370010  096700390010
096700380010  096700400010
096700410010  096700440010
096700420010  096700460010
096700450010  096700470010
096700480010  096700500010
096700490010  096700510010
096700520010  096700560010
096700530010  096700570010
096700540010  096700580010
096700550010  096700590010
096700600010  096700620010
096700610010  096700630010
096700640010  096700660010
096700650010  096700670010
096700680010  096700700010
096700690010  096700710010
096700720010  096700740010
097000010010  097000040010
097000020010  097000050010
097000030010  097000060010
097000070010  097000090010
097000100010  097000120010
097000110010  097000130010
097000140010  097000160010
097000150010  097000170010
097000180010  097000200010
097000190010  097000210010
097000220010  097000240010
097000230010  097000250010
