166100020010  166100030010
166100040010  166100050010
166100060010  166100070010
166100080010  166100090010
166100220010  166100230010
166100240010  166100250010
166100100010  166100110010
166100120010  166100130010
166100140010  166100150010
166100200010  166100210010
166100160010  166100170010
166100180010  166100190010
166100270010  166100290010
166100280010  166100300010
166100310010  166100320010
166100370010  166100380010
166100390010  166100400010
166100410010  166100420010
166100350010  166100360010
166100330010  166100340010
166100430010  166100440010
166100500010  166100510010
