199600030010  199600060010
199600040010  199600070010
199600050010  199600080010
199600090010  199600110010
199600100010  199600120010
199600130010  199600150010
199600140010  199600160010
199600170010  199600190010
199600200010  199600220010
199600210010  199600240010
199600250010  199600270010
199600260010  199600280010
199900030010  199900060010
199900040010  199900070010
199900050010  199900080010
199900090010  199900110010
199900100010  199900120010
199900150010  199900170010
199900160010  199900180010
199900190010  199900210010
199900230010  199900250010
199900440010  199900460010
199900480010  199900500010
199900470010  199900450010
199900310010  199900290010
199900360010  199900340010
199900260010  199900280010
199900270010  199900240010
199900300010  199900330010
199900430010  199900400010
199900390010  199900420010
199900350010  199900380010
200000080010  200000100010
200000090010  200000110010
200000120010  200000140010
200000130010  200000150010
200000170010  200000190010
200000220010  200000240010
200000230010  200000250010
200000260010  200000280010
200000270010  200000290010
200000300010  200000320010
200000310010  200000330010
200000340010  200000370010
200000350010  200000390010
200000380010  200000410010
200000630010  200000650010
200000680010  200000700010
200000720010  200000740010
200000750010  200000770010
200000430010  200000450010
200000420010  200000440010
200000790010  200000760010
200000500010  200000470010
200000640010  200000580010
200000570010  200000540010
200000660010  200000710010
200000550010  200000530010
200000690010  200000670010
200000780010  200000730010
200000490010  200000510010
200000600010  200000620010
