066500090010  066500110010
066500100010  066500120010
066500130010  066500150010
066500140010  066500160010
066500170010  066500190010
066500180010  066500200010
066500220010  066500240010
066500230010  066500250010
066500260010  066500290010
066500270010  066500300010
066500280010  066500310010
066500320010  066500340010
066500330010  066500350010
066500360010  066500380010
066500370010  066500390010
066500400010  066500420010
066500410010  066500430010
066500460010  066500480010
066500470010  066500490010
066500520010  066500540010
066500530010  066500550010
066500560010  066500580010
066500570010  066500590010
066500600010  066500620010
066500610010  066500630010
066500640010  066500660010
066500650010  066500670010
066500680010  066500700010
066500690010  066500710010
066500730010  066500750010
066500780010  066500810010
066500820010  066500840010
066500830010  066500850010
066500860010  066500880010
066500870010  066500890010
066500900010  066500920010
066500910010  066500930010
066500940010  066500960010
066500950010  066500970010
066600030010  066600060010
066600070010  066600090010
066600080010  066600100010
066600110010  066600130010
066600120010  066600140010
066600150010  066600170010
066600160010  066600180010
066600190010  066600210010
066600200010  066600220010
066600230010  066600250010
066600240010  066600260010
066600270010  066600290010
066600280010  066600300010
066600310010  066600330010
066600320010  066600340010
066600350010  066600370010
066600360010  066600380010
066600390010  066600410010
066600400010  066600430010
066600420010  066600460010
066600440010  066600470010
066600450010  066600480010
066600490010  066600510010
066600500010  066600520010
066600530010  066600550010
066600540010  066600560010
066600570010  066600590010
066600580010  066600600010
066600610010  066600630010
066600620010  066600640010
066600660010  066600680010
066600690010  066600710010
066600700010  066600720010
066600730010  066600750010
066600740010  066600760010
066600770010  066600800010
066600780010  066600810010
066600790010  066600820010
066600830010  066600850010
066600840010  066600860010
066600870010  066600890010
066600880010  066600900010
066600910010  066600930010
066600920010  066600940010
066600950010  066600970010
066600960010  066600980010
