151500090010  151500110010
151500100010  151500120010
151500130010  151500150010
151500160010  151500180010
151500170010  151500190010
151500200010  151500220010
151500210010  151500240010
151500250010  151500270010
151500260010  151500280010
151500300010  151500310010
151500320010  151500340010
151500330010  151500350010
151500370010  151500390010
151500380010  151500400010
151500410010  151500440010
151500420010  151500450010
151500460010  151500480010
151500470010  151500490010
151500500010  151500520010
151500510010  151500530010
151600030010  151600070010
151600050010  151600090010
151600100010  151600130010
151600110010  151600140010
151600150010  151600170010
151600160010  151600190010
151600200010  151600220010
151600210010  151600240010
151600250010  151600270010
151600280010  151600310010
151600290010  151600330010
151600300010  151600340010
151600350010  151600370010
151600360010  151600380010
151600390010  151600410010
151600400010  151600420010
151600430010  151600450010
151600440010  151600460010
152000030010  152000050010
152000060010  152000080010
152000070010  152000090010
152000150010  152000170010
152000180010  152000200010
152000220010  152000240010
152000260010  152000210010
152000250010  152000190010
152800030010  152800060010
152800040010  152800070010
152800050010  152800080010
152800090010  152800110010
152800100010  152800120010
152800130010  152800150010
152800140010  152800160010
152800170010  152800190010
152800180010  152800200010
152800210010  152800240010
152800220010  152800260010
