159300540010  159300570010
159300550010  159300580010
159300560010  159300590010
159300600010  159300620010
159300610010  159300630010
159300640010  159300660010
159300650010  159300670010
159300680010  159300700010
159300690010  159300710010
159300720010  159300740010
159300730010  159300750010
159300760010  159300780010
159300770010  159300790010
159700070010  159700090010
159700080010  159700100010
159700110010  159700130010
159700120010  159700140010
159700150010  159700170010
159700160010  159700190010
159700200010  159700240010
159700230010  159700250010
159800050010  159800070010
159800060010  159800080010
159800090010  159800110010
159800100010  159800120010
159800130010  159800150010
159800140010  159800160010
159800170010  159800190010
159800180010  159800200010
159800210010  159800230010
159800220010  159800240010
159800250010  159800270010
159800280010  159800300010
159800290010  159800320010
159800330010  159800340010
159800350010  159800370010
159800360010  159800380010
159800390010  159800410010
159800400010  159800420010
159800440010  159800460010
159800450010  159800470010
159800490010  159800510010
159800500010  159800520010
159800530010  159800550010
159800540010  159800560010
159800570010  159800590010
159900030010  159900050010
159900040010  159900060010
159900070010  159900090010
159900080010  159900100010
159900110010  159900130010
159900120010  159900140010
159900150010  159900170010
159900180010  159900220010
159900190010  159900230010
159900240010  159900260010
159900250010  159900290010
159900270010  159900300010
159900280010  159900310010
159900340010  159900370010
159900350010  159900390010
159900400010  159900420010
159900430010  159900450010
159900440010  159900480010
159900490010  159900510010
