126800100010  126800120010
126800110010  126800130010
126800140010  126800160010
126800150010  126800170010
126800180010  126800200010
126800190010  126800210010
126800230010  126800250010
126800240010  126800260010
126800270010  126800310010
126800280010  126800320010
126800290010  126800330010
126800340010  126800360010
126800350010  126800370010
126800380010  126800400010
126800390010  126800420010
126800630010  126800650010
126800660010  126800680010
126800670010  126800690010
126800830010  126800850010
126800880010  126800900010
126800910010  126800930010
126800950010  126800980010
126801050010  126801020010
126801000010  126801040010
126800840010  126800860010
126800750010  126800790010
126800700010  126800720010
126801010010  126801030010
126800960010  126800990010
126800920010  126800940010
126800870010  126800890010
126800780010  126800810010
126800740010  126800770010
126800710010  126800730010
126800620010  126800640010
126800570010  126800600010
126800580010  126800610010
126800560010  126800590010
126800510010  126800540010
126800470010  126800490010
126800440010  126800460010
126800480010  126800500010
126800430010  126800450010
127800050010  127800080010
127800090010  127800110010
127800120010  127800140010
127800130010  127800150010
127800160010  127800180010
127800190010  127800210010
127800200010  127800220010
127800230010  127800260010
127800240010  127800270010
