132700060010  132700080010
132700070010  132700090010
132700100010  132700120010
132700110010  132700130010
132700140010  132700160010
132700150010  132700170010
132700180010  132700200010
132700190010  132700210010
132700220010  132700240010
132700230010  132700250010
132700260010  132700280010
132700270010  132700290010
132700310010  132700340010
132700320010  132700350010
132700370010  132700420010
132700380010  132700430010
132700440010  132700500010
132700450010  132700490010
132700510010  132700520010
132700530010  132700540010
132700550010  132700570010
132700560010  132700580010
132700600010  132700620010
132700630010  132700650010
132700660010  132700680010
132700670010  132700690010
132700700010  132700720010
132700710010  132700760010
132700770010  132700790010
132700780010  132700820010
132700800010  132700840010
132700810010  132700850010
132700890010  132700910010
132700900010  132700920010
132700940010  132700960010
132700950010  132700970010
132700980010  132701020010
132700990010  132701030010
132800030010  132800050010
132800070010  132800090010
132800080010  132800100010
132800120010  132800140010
132800130010  132800150010
132800160010  132800180010
132800170010  132800190010
132800230010  132800250010
132800240010  132800260010
132800270010  132800290010
132800280010  132800300010
132800310010  132800320010
132800340010  132800370010
132800390010  132800410010
132800400010  132800420010
132800430010  132800450010
132800440010  132800460010
132800470010  132800490010
132800480010  132800500010
132800510010  132800530010
132800520010  132800540010
132800550010  132800570010
132800560010  132800580010
132800590010  132800610010
132800600010  132800620010
132800630010  132800650010
132800640010  132800660010
132800670010  132800690010
132800680010  132800700010
132800710010  132800730010
132800720010  132800740010
132800750010  132800790010
132800760010  132800780010
132800770010  132800800010
132800810010  132800850010
132800820010  132800860010
132800870010  132800890010
132800880010  132800900010
132800910010  132800930010
132800920010  132800940010
132800990010  132801010010
132801020010  132800980010
132800950010  132801000010
132800970010  132801030010
