185000030010  185000060010
185000040010  185000080010
185000090010  185000130010
185000100010  185000140010
185000150010  185000170010
185000160010  185000180010
185000190010  185000210010
185000200010  185000230010
185000240010  185000270010
185000250010  185000280010
185600030010  185600060010
185600040010  185600070010
185600050010  185600080010
185600090010  185600110010
185600100010  185600120010
185600130010  185600150010
185600160010  185600180010
185600170010  185600190010
185600200010  185600220010
185600210010  185600230010
185600240010  185600260010
185600250010  185600270010
185600280010  185600290010
185600300010  185600310010
185600320010  185600340010
185600330010  185600350010
185600370010  185600390010
185600380010  185600400010
185600410010  185600430010
185600420010  185600440010
185600450010  185600470010
185600460010  185600480010
185600490010  185600510010
185600500010  185600520010
185600530010  185600550010
185600540010  185600560010
185700060010  185700080010
185700070010  185700090010
185700100010  185700140010
185700110010  185700130010
185700150010  185700170010
185700450010  185700470010
185700240010  185700260010
185700230010  185700250010
185700190010  185700210010
185700160010  185700180010
185700200010  185700220010
185700520010  185700500010
185700280010  185700300010
185700440010  185700420010
185700370010  185700390010
185700410010  185700430010
185700270010  185700310010
185700330010  185700350010
185700360010  185700340010
