042200030010  042200040010
042200050010  042200070010
042200080010  042200090010
042200140010  042200150010
042200160010  042200170010
042200180010  042200190010
042200200010  042200210010
042200230010  042200240010
042200250010  042200290010
042200270010  042200300010
042200280010  042200310010
042200320010  042200380010
042200330010  042200390010
042200340010  042200400010
042200350010  042200410010
042200360010  042200420010
042200370010  042200430010
042200440010  042200500010
042200470010  042200540010
042200570010  042200630010
042200580010  042200640010
042200600010  042200660010
042200610010  042200670010
042200650010  042200710010
042200690010  042200750010
042200700010  042200760010
042200720010  042200770010
042200730010  042200780010
042200740010  042200790010
042200800010  042200830010
042200810010  042200850010
042200820010  042200870010
042200910010  042200970010
042200940010  042201000010
042200120010  042200130010
042200100010  042200110010
042200920010  042200980010
042200930010  042200990010
042200620010  042200680010
042200480010  042200550010
042200490010  042200560010
042200460010  042200520010
042200530010  042200590010
042200450010  042200510010
042201050010  042201110010
042201040010  042201100010
042201030010  042201090010
042201020010  042201080010
