101900050010  101900060010
101900070010  101900080010
101900180010  101900190010
101900200010  101900210010
101900220010  101900230010
101900240010  101900250010
101900260010  101900270010
101900340010  101900350010
101900370010  101900380010
101900390010  101900400010
101900410010  101900420010
101900430010  101900440010
101900450010  101900460010
101900470010  101900480010
101900490010  101900510010
101900320010  101900330010
101900090010  101900100010
101900110010  101900120010
101900140010  101900150010
101900160010  101900170010
101900300010  101900310010
101900280010  101900290010
101900530010  101900540010
101900550010  101900560010
101900610010  101900620010
101900630010  101900640010
101900660010  101900670010
101900680010  101900690010
101900700010  101900710010
101900810020  101900860010
101900820010  101900870010
101900830010  101900880010
101900830020  101900890010
101900840010  101900910010
101900930010  101900940010
101900950010  101900960010
101900970010  101900980010
101900990010  101901000010
101901010010  101901020010
101901030010  101901040010
101901050010  101901060010
101900570010  101900580010
101900590010  101900600010
101900760010  101900770010
101900720010  101900730010
101900740010  101900750010
