138000030010  138000050010
138000040010  138000060010
138000070010  138000080010
138000090010  138000100010
138000110010  138000120010
138000130010  138000140010
138000150010  138000160010
138000170010  138000180010
138000190010  138000200010
138000210010  138000220010
138000240010  138000250010
138000260010  138000270010
138000280010  138000300010
138000290010  138000310010
138000320010  138000330010
138000340010  138000350010
138000360010  138000380010
138000390010  138000400010
138000410010  138000420010
138000430010  138000440010
138000450010  138000460010
138000470010  138000480010
138000490010  138000500010
138000510010  138000520010
138000530010  138000540010
138000550010  138000570010
138000580010  138000590010
138000620010  138000630010
138000640010  138000650010
138000670010  138000680010
138000690010  138000700010
138000710010  138000730010
