146100050010  146100110010
146100090010  146100140010
146100100010  146100170010
146100130010  146100180010
146100150010  146100190010
146100160010  146100200010
146100210010  146100230010
146100220010  146100240010
146100250010  146100270010
146100260010  146100280010
146100290010  146100310010
146100300010  146100320010
146100330010  146100340010
146100360010  146100380010
146100370010  146100390010
146100410010  146100420010
146100430010  146100450010
146100440010  146100460010
146100470010  146100490010
146100480010  146100500010
146100510010  146100530010
146100520010  146100540010
146100550010  146100570010
146100560010  146100580010
146100590010  146100610010
146100600010  146100620010
146100630010  146100670010
146100640010  146100680010
146100650010  146100700010
146100660010  146100710010
146100720010  146100740010
146100730010  146100750010
146100760010  146100790010
146100780010  146100800010
146100810010  146100830010
146100820010  146100840010
146100850010  146100870010
146100860010  146100880010
146200070010  146200090010
146200080010  146200100010
146200120010  146200140010
146200130010  146200150010
146200160010  146200180010
146200170010  146200190010
146200200010  146200220010
146200230010  146200250010
146200240010  146200260010
146200270010  146200290010
146200320010  146200340010
146200350010  146200370010
146200360010  146200380010
146200390010  146200410010
146200400010  146200420010
146200430010  146200450010
146200440010  146200470010
146200480010  146200500010
146200490010  146200510010
146200520010  146200540010
146200530010  146200550010
146200560010  146200580010
146200570010  146200590010
146200600010  146200620010
146200610010  146200630010
146200640010  146200660010
146200650010  146200670010
146200680010  146200700010
146200690010  146200710010
146200720010  146200740010
146200730010  146200750010
146200760010  146200780010
146200770010  146200790010
146200800010  146200820010
146200810010  146200840010
146200850010  146200890010
146200860010  146200880010
146200900010  146200920010
146200910010  146200930010
146200940010  146200960010
146200950010  146200970010
146200980010  146201000010
146600680010  146600710010
146600690010  146600720010
146600700010  146600730010
146600740010  146600760010
146600750010  146600780010
146600790010  146600810010
146600800010  146600820010
146600830010  146600850010
146600840010  146600860010
146600870010  146600890010
146600880010  146600910010
146800160010  146800180010
146800190010  146800210010
146800200010  146800220010
146800230010  146800250010
146800240010  146800260010
146800270010  146800290010
146800300010  146800320010
