0 0 : 1.000e-04 -2.000e+00 : 1.127e-04 -1.983e+00 : 1.545e+01
0 1 : 1.000e-04 -2.000e+00 : 1.337e-04 -1.982e+00 : 4.694e+01
0 2 : 1.000e-04 -2.000e+00 : 2.035e-04 -1.990e+00 : 1.566e+02

1 0 : 1.000e-04 -2.000e+00 : 1.132e-04 -1.971e+00 : 1.276e+01
1 1 : 1.000e-04 -2.000e+00 : 1.333e-04 -1.981e+00 : 4.507e+01
1 2 : 1.000e-04 -2.000e+00 : 1.995e-04 -1.982e+00 : 1.413e+02

2 0 : 1.000e-04 -2.000e+00 : 1.090e-04 -1.978e+00 : 8.557e+00
2 1 : 1.000e-04 -2.000e+00 : 1.193e-04 -1.973e+00 : 2.208e+01
2 2 : 1.000e-04 -2.000e+00 : 1.581e-04 -1.975e+00 : 7.745e+01

3 0 : 1.000e-04 -2.000e+00 : 1.040e-04 -1.972e+00 : 2.428e+00
3 1 : 1.000e-04 -2.000e+00 : 1.064e-04 -1.972e+00 : 3.686e+00
3 2 : 1.000e-04 -2.000e+00 : 1.115e-04 -1.970e+00 : 9.928e+00

4 0 : 1.000e-04 -2.000e+00 : 1.038e-04 -1.973e+00 : 2.437e+00
4 1 : 1.000e-04 -2.000e+00 : 1.046e-04 -1.971e+00 : 2.293e+00
4 2 : 1.000e-04 -2.000e+00 : 1.038e-04 -1.972e+00 : 2.520e+00

5 0 : 1.000e-04 -2.000e+00 : 1.035e-04 -1.968e+00 : 3.495e+00
5 1 : 1.000e-04 -2.000e+00 : 1.045e-04 -1.970e+00 : 2.451e+00
5 2 : 1.000e-04 -2.000e+00 : 1.046e-04 -1.973e+00 : 2.259e+00

