126800100010  126800120010
126800110010  126800130010
126800140010  126800160010
126800150010  126800170010
126800180010  126800200010
126800190010  126800210010
126800230010  126800250010
126800240010  126800260010
126800270010  126800310010
126800280010  126800320010
126800290010  126800330010
126800340010  126800360010
126800350010  126800370010
126800380010  126800400010
126800390010  126800420010
126800630010  126800650010
126800660010  126800680010
126800670010  126800690010
126800830010  126800850010
126800880010  126800900010
126800910010  126800930010
126800950010  126800980010
126801050010  126801020010
126801000010  126801040010
126800840010  126800860010
126800750010  126800790010
126800700010  126800720010
126801010010  126801030010
126800960010  126800990010
126800920010  126800940010
126800870010  126800890010
126800780010  126800810010
126800740010  126800770010
126800710010  126800730010
126800620010  126800640010
126800570010  126800600010
126800580010  126800610010
126800560010  126800590010
126800510010  126800540010
126800470010  126800490010
126800440010  126800460010
126800480010  126800500010
126800430010  126800450010
126900070010  126900090010
126900080010  126900100010
126900110010  126900130010
126900120010  126900140010
126900150010  126900170010
126900160010  126900190010
126900200010  126900220010
126900230010  126900250010
126900240010  126900300010
126900270010  126900290010
126900280010  126900310010
126900320010  126900340010
126900330010  126900350010
126900360010  126900380010
126900370010  126900390010
126900400010  126900420010
126900410010  126900430010
126900440010  126900460010
126900450010  126900470010
126900480010  126900500010
126900490010  126900530010
126900510010  126900540010
126900520010  126900550010
126900560010  126900580010
126900570010  126900590010
126900600010  126900620010
126900610010  126900630010
126900640010  126900660010
126900650010  126900670010
126900680010  126900700010
126900690010  126900710010
126900720010  126900740010
126900730010  126900770010
126900750010  126900780010
126900760010  126900790010
126900800010  126900820010
126900810010  126900830010
126900840010  126900860010
126900850010  126900870010
126900880010  126900900010
126900890010  126900910010
126900920010  126900940010
126900990010  126901010010
126901000010  126900980010
126900960010  126900930010
126900970010  126900950010
127800050010  127800080010
127800090010  127800110010
127800120010  127800140010
127800130010  127800150010
127800160010  127800180010
127800190010  127800210010
127800200010  127800220010
127800230010  127800260010
127800240010  127800270010
