0 0 : 1.000e-04 -2.000e+00 : 9.355e-05 -2.307e+00 : 1.104e+02
0 1 : 1.000e-04 -2.000e+00 : 9.973e-05 -2.586e+00 : 4.027e+02
0 2 : 1.000e-04 -2.000e+00 : 1.590e-04 -2.834e+00 : 1.509e+03

1 0 : 1.000e-04 -2.000e+00 : 9.511e-05 -2.283e+00 : 1.029e+02
1 1 : 1.000e-04 -2.000e+00 : 9.948e-05 -2.567e+00 : 3.682e+02
1 2 : 1.000e-04 -2.000e+00 : 1.554e-04 -2.818e+00 : 1.358e+03

2 0 : 1.000e-04 -2.000e+00 : 9.654e-05 -2.174e+00 : 5.012e+01
2 1 : 1.000e-04 -2.000e+00 : 9.735e-05 -2.393e+00 : 1.800e+02
2 2 : 1.000e-04 -2.000e+00 : 1.237e-04 -2.678e+00 : 6.563e+02

3 0 : 1.000e-04 -2.000e+00 : 9.965e-05 -2.028e+00 : 6.941e+00
3 1 : 1.000e-04 -2.000e+00 : 1.004e-04 -2.075e+00 : 2.103e+01
3 2 : 1.000e-04 -2.000e+00 : 9.694e-05 -2.241e+00 : 6.757e+01

4 0 : 1.000e-04 -2.000e+00 : 1.002e-04 -2.001e+00 : 6.423e-01
4 1 : 1.000e-04 -2.000e+00 : 9.999e-05 -2.002e+00 : 5.004e-01
4 2 : 1.000e-04 -2.000e+00 : 1.000e-04 -1.994e+00 : 1.599e+00

5 0 : 1.000e-04 -2.000e+00 : 9.944e-05 -2.003e+00 : 2.767e-01
5 1 : 1.000e-04 -2.000e+00 : 9.954e-05 -2.006e+00 : 9.953e-01
5 2 : 1.000e-04 -2.000e+00 : 1.003e-04 -2.000e+00 : 3.738e-01

